7000.62
7008.83
7010.35
7011.34
7022.39
7024.06
7031.39
7038.77
7044.64
7066.17
7069.53
7072.8
7079.35
7082.15
7083.4
7086.73
7093.08
7094.29
7095.41
7103.15
7107.46
7114.55
7118.1
7120.02
7124.99
7148.73
7155.63
7162.34
7180.0
7212.44
7268.57
7285.28
7300.53
7347.15
7367.71
7381.33
7418.67
7421.56
7427.56
7430.79
7431.92
7435.59
7440.91
7443.02
7447.39
7449.38
7461.52
7463.38
7464.29
7482.22
7484.3
7498.53
7504.27
7512.12
7514.2
7528.15
7537.43
7540.43
7547.9
7563.01
7696.81
7719.05
7745.51
7802.47
7832.2
7855.4
7869.57
7879.76
7941.09
7955.69
8046.05
8075.15
8085.16
8089.35
8112.16
8204.94
8300.0
8424.14
8481.98
8571.8
8616.25
8679.63
9881.52
9889.0
10142.8
10145.6
10155.2
10455.4
10532.2
10753.0
10863.5
10884.3
10896.3
10979.3
11013.2
11045.6
11356.0
11374.1
11522.2
11638.3
11882.9
11884.1
12053.1
12190.1
12638.7
12648.7
12879.8
12934.7
13147.9
13260.7
13318.0
13352.2
14238.9
14292.4
14331.4
14480.6
14512.2
14523.6
14545.1
14555.0
14565.9
14722.4
14749.8
14814.7
14826.4
14842.7
14870.6
14897.4
14903.9
14939.6
15017.7
15122.4
15144.0
15207.5
15224.7
15245.0
15335.4
15349.0
15387.8
15394.7
15395.7
15500.8
15501.3
15518.9
15632.0
15648.5
15665.2
15677.5
15731.4
15761.3
15774.1
15789.0
15798.6
15816.6
15821.7
15822.8
15837.6
15868.5
15941.9
15964.9
15971.2
16037.8
16087.2
16102.4
16116.0
16153.2
16165.0
16175.0
16185.8
16195.1
16292.8
16316.3
16324.5
16394.4
16398.2
16407.8
16444.8
16486.7
16506.3
16517.2
16532.0
16645.9
16653.5
16753.1
16799.7
16892.4
16969.9
17005.5
17011.1
17065.3
17161.1
17166.2
17232.2
17400.6
17771.1
18773.5
18821.0
18856.7
18889.4
18905.5
19533.3
19613.2
19635.3
19791.9
19846.7
20092.0
20629.7
20717.0
20736.9
20962.4
22380.8
22473.3
22619.8
22740.4
23566.7
24264.3
24729.1
