9675.554
9705.673
9718.967
9728.415
9743.612
9746.921
9927.366
9941.393
9997.952
10003.092
10011.750
10034.493
10048.832
10059.915
10066.516
10120.900
10396.813
10460.060
10496.124
10552.970
10584.650
10607.731
10661.629
10677.059
10726.398
10732.873
11780.556
11797.182
11949.545
12600.277
12671.096
12738.388
12744.912
12811.484
12821.674
12831.436
12847.033
12919.902
12950.899
12987.578
13011.887
14849.677
15117.316
15186.706
15188.093
15381.058
15543.756
15602.845
15698.969
15715.570
15836.790
16330.593
16401.553
16635.180
17388.428
21782.936
21897.372
22004.497
22211.218
22232.854
22274.030
22310.580
22443.903
22963.343
23441.463
23719.011

