GENERIC
TEFF=5529  GRAVITY=4.59 LTE 
NTAU          64
5000
  1.0000e-11  3.4047e+03  1.0000e-06  1.8536e-09
  1.0000e-10  3.4047e+03  2.0224e-01  8.2255e-06
  1.5615e-10  3.3992e+03  3.1603e-01  1.2527e-05
  2.4384e-10  3.3946e+03  4.8658e-01  1.8841e-05
  3.8075e-10  3.3891e+03  7.3719e-01  2.7894e-05
  5.9456e-10  3.3817e+03  1.0975e+00  4.0510e-05
  9.2841e-10  3.3749e+03  1.6039e+00  5.7593e-05
  1.4497e-09  3.3709e+03  2.3015e+00  8.0200e-05
  2.2638e-09  3.3708e+03  3.2448e+00  1.0964e-04
  3.5350e-09  3.3743e+03  4.5015e+00  1.4760e-04
  5.5200e-09  3.3811e+03  6.1560e+00  1.9622e-04
  8.6195e-09  3.3911e+03  8.3152e+00  2.5839e-04
  1.3460e-08  3.4041e+03  1.1115e+01  3.3787e-04
  2.1017e-08  3.4200e+03  1.4729e+01  4.3969e-04
  3.2819e-08  3.4391e+03  1.9380e+01  5.7051e-04
  5.1248e-08  3.4612e+03  2.5351e+01  7.3916e-04
  8.0025e-08  3.4867e+03  3.3007e+01  9.5744e-04
  1.2496e-07  3.5155e+03  4.2812e+01  1.2409e-03
  1.9513e-07  3.5478e+03  5.5357e+01  1.6101e-03
  3.0470e-07  3.5834e+03  7.1402e+01  2.0918e-03
  4.7579e-07  3.6222e+03  9.1916e+01  2.7207e-03
  7.4296e-07  3.6638e+03  1.1814e+02  3.5415e-03
  1.1602e-06  3.7078e+03  1.5168e+02  4.6116e-03
  1.8116e-06  3.7537e+03  1.9456e+02  6.0040e-03
  2.8289e-06  3.8010e+03  2.4942e+02  7.8114e-03
  4.4173e-06  3.8490e+03  3.1960e+02  1.0151e-02
  6.8978e-06  3.8970e+03  4.0940e+02  1.3169e-02
  1.0771e-05  3.9446e+03  5.2429e+02  1.7053e-02
  1.6819e-05  3.9914e+03  6.7122e+02  2.2037e-02
  2.6264e-05  4.0370e+03  8.5908e+02  2.8418e-02
  4.1011e-05  4.0816e+03  1.0992e+03  3.6575e-02
  6.4040e-05  4.1253e+03  1.4058e+03  4.6990e-02
  1.0000e-04  4.1681e+03  1.7975e+03  6.0277e-02
  1.5615e-04  4.2103e+03  2.2976e+03  7.7210e-02
  2.4384e-04  4.2518e+03  2.9359e+03  9.8752e-02
  3.8075e-04  4.2922e+03  3.7507e+03  1.2610e-01
  5.9456e-04  4.3314e+03  4.7905e+03  1.6072e-01
  9.2841e-04  4.3691e+03  6.1173e+03  2.0444e-01
  1.4497e-03  4.4055e+03  7.8103e+03  2.5955e-01
  2.2638e-03  4.4405e+03  9.9710e+03  3.2891e-01
  3.5350e-03  4.4749e+03  1.2729e+04  4.1628e-01
  5.5200e-03  4.5093e+03  1.6251e+04  5.2660e-01
  8.6195e-03  4.5450e+03  2.0748e+04  6.6662e-01
  1.3460e-02  4.5837e+03  2.6494e+04  8.4588e-01
  2.1017e-02  4.6278e+03  3.3833e+04  1.0782e+00
  3.2819e-02  4.6801e+03  4.3204e+04  1.3843e+00
  5.1248e-02  4.7447e+03  5.5157e+04  1.7973e+00
  8.0025e-02  4.8274e+03  7.0370e+04  2.3716e+00
  1.2496e-01  4.9360e+03  8.9644e+04  3.2052e+00
  1.9513e-01  5.0802e+03  1.1381e+05  4.4947e+00
  3.0470e-01  5.2705e+03  1.4332e+05  6.7163e+00
  4.7579e-01  5.5191e+03  1.7704e+05  1.1276e+01
  7.4296e-01  5.8336e+03  2.1150e+05  2.2381e+01
  1.1602e+00  6.2624e+03  2.4039e+05  5.6931e+01
  1.8116e+00  6.7003e+03  2.6270e+05  1.3862e+02
  2.8289e+00  7.0622e+03  2.8168e+05  2.7427e+02
  4.4173e+00  7.3817e+03  2.9972e+05  4.7940e+02
  6.8978e+00  7.6737e+03  3.1801e+05  7.7231e+02
  1.0771e+01  7.9485e+03  3.3728e+05  1.1783e+03
  1.6819e+01  8.2118e+03  3.5810e+05  1.7295e+03
  2.6264e+01  8.4669e+03  3.8099e+05  2.4645e+03
  4.1011e+01  8.7158e+03  4.0647e+05  3.4300e+03
  6.4040e+01  8.9599e+03  4.3513e+05  4.6823e+03
  1.0000e+02  9.2000e+03  4.6768e+05  6.2899e+03
1.50
NATOMS         8	-0.39
8 8.30    10 7.54    12 7.21    14 7.12    16 6.73    18 6.01    20 5.95    22 4.56    
NMOL           20
606.0 106.0 607.0 608.0 107.0 108.0 112.0 707.0 708.0 808.0 12.1 60808.0 10108.0 101.0 6.1 7.1 8.1 822.0 22.1 126.0
